Results:
Input (theta1-6):
     0     0     0     0     0     0

T:
         0         0    1.0000  924.8700
         0   -1.0000         0  149.0900
    1.0000         0         0   20.3200
         0         0         0    1.0000

J:
 -149.0900   20.3200  -20.3200         0         0         0
  924.8700         0         0         0         0         0
         0 -924.8700  493.0700         0  -60.0000         0
         0         0         0    1.0000         0    1.0000
         0    1.0000   -1.0000         0    1.0000         0
    1.0000         0         0         0         0         0


Input (theta1-6):
     0     0   -90     0     0   180

T:
   -1.0000         0         0  452.1200
         0    1.0000         0  149.0900
         0         0   -1.0000 -493.0700
         0         0         0    1.0000

J:
 -149.0900 -493.0700  493.0700         0  -60.0000         0
  452.1200         0         0         0         0         0
         0 -452.1200   20.3200         0         0         0
         0         0         0         0         0         0
         0    1.0000   -1.0000         0    1.0000         0
    1.0000         0         0   -1.0000         0   -1.0000


Input (theta1-6):
    45   -45    45     0   -30    90

T:
    0.7071    0.6124   -0.3536   74.8958
   -0.7071    0.6124   -0.3536  285.7409
         0    0.5000    0.8660  790.3602
         0         0         0    1.0000

J:
 -285.7409  558.8691 -342.9691   21.2132   36.7423    0.0000
   74.8958  558.8691 -342.9691  -21.2132   36.7423    0.0000
         0 -255.0087  -50.3200         0   30.0000    0.0000
         0   -0.7071    0.7071         0   -0.7071   -0.3536
         0    0.7071   -0.7071         0    0.7071   -0.3536
    1.0000         0         0    1.0000         0    0.8660
